         0
    0.0041
    0.0038
    0.0028
    0.0031
    0.0038
    0.0043
    0.0046
    0.0051
    0.0048
    0.0059
    0.0064
    0.0061
    0.0064
    0.0063
    0.0067
    0.0070
    0.0069
    0.0072
    0.0077
    0.0078
    0.0079
    0.0084
    0.0086
    0.0087
    0.0090
    0.0097
    0.0092
    0.0101
    0.0104
    0.0107
    0.0107
    0.0110
    0.0111
    0.0112
    0.0113
    0.0118
    0.0146
    0.0134
    0.0136
    0.0127
    0.0130
    0.0134
    0.0136
    0.0137
    0.0151
    0.0156
    0.0160
    0.0167
    0.0167
    0.0173
    0.0175
    0.0179
    0.0178
    0.0204
    0.0211
    0.0211
    0.0195
    0.0207
    0.0211
    0.0220
    0.0214
    0.0223
    0.0230
    0.0224
    0.0299
    0.0313
    0.0278
    0.0237
    0.0236
    0.0266
    0.0257
    0.0276
    0.0278
    0.0285
    0.0283
    0.0288
    0.0291
    0.0294
    0.0375
    0.0375
    0.0315
    0.0307
    0.0305
    0.0304
    0.0313
    0.0374
    0.0385
    0.0400
    0.0353
    0.0384
    0.0381
    0.0456
    0.0526
    0.0453
    0.0478
    0.0479
    0.0484
    0.0495
    0.0509
    0.0417
    0.0460
    0.0469
    0.0475
    0.0527
    0.0533
    0.0543
    0.0547
    0.0555
    0.0569
    0.0612
    0.0586
    0.0591
    0.0590
    0.0599
    0.0596
    0.0606
    0.0605
    0.0705
    0.0813
    0.0880
    0.0875
    0.0859
    0.0853
    0.0886
    0.0853
    0.0867
    0.0930
    0.0931
    0.0965
    0.0984
    0.1021
    0.1054
    0.0997
    0.0990
    0.1045
    0.1021
    0.1040
    0.1103
    0.1090
    0.1056
    0.1055
    0.1056
    0.1026
    0.1099
    0.1098
    0.1130
    0.0956
    0.0952
    0.0991
    0.1033
    0.1207
    0.1213
    0.1418
    0.2065
    0.1329
    0.1158
    0.1311
    0.1380
    0.1227
    0.1756
    0.1331
    0.1331
    0.1962
    0.1643
    0.1674
    0.1567
    0.1809
    0.1673
    0.1797
    0.1691
    0.1545
    0.1834
    0.1396
    0.1523
    0.1769
    0.1551
    0.1908
    0.1705
    0.1659
    0.1834
    0.2070
    0.2018
    0.1934
    0.1718
    0.1854
    0.1769
    0.1888
    0.1787
    0.1573
    0.1592
    0.1780
    0.2479
    0.1896
    0.2119
    0.3011
    0.2747
    0.2921
    0.3703
    0.4173
    0.4120
    0.4543
    0.2715
    0.3453
    0.3528
    0.3178
    0.2199
    0.2117
    0.3247
    0.5212
    0.4162
    0.2967
    0.2285
    0.2851
    0.2216
    0.2007
    0.2028
    0.1932
    0.2130
    0.2176
    0.2471
    0.2274
    0.2397
    0.2589
    0.3016
    0.2321
    0.3020
    0.2831
    0.3024
    0.3760
    0.2575
    0.2633
    0.2651
    0.2664
    0.2740
    0.3957
    0.2772
    0.2769
    0.2876
    0.2642
    0.2799
    0.2596
    0.2566
    0.2554
    0.2598
    0.2678
    0.2688
    0.2987
    0.2730
    0.2860
    0.2722
    0.2840
    0.2786
    0.2929
    0.2919
    0.2930
    0.3012
    0.3080
    0.2667
    0.2661
    0.2776
    0.2739
    0.2716
    0.2754
    0.2830
    0.2817
    0.3220
    0.3175
    0.2955
    0.2970
    0.3238
    0.3324
    0.3049
    0.3318
    0.3489
    0.3332
    0.3183
    0.3507
    0.3637
    0.3668
    0.3832
    0.4007
    0.4152
    0.3910
    0.3866
    0.3837
    0.4035
    0.4042
    0.3871
    0.3840
    0.3995
    0.4114
    0.3936
    0.4346
    0.3786
    0.4019
    0.4517
    0.4503
    0.4325
    0.4170
    0.4279
    0.4167
    0.4119
    0.4503
    0.3987
    0.4707
    0.4435
    0.4671
    0.4929
    0.4845
    0.5121
    0.4974
    0.5195
    0.5172
    0.5403
    0.5428
    0.5153
    0.4913
    0.5246
    0.5216
    0.5386
    0.5584
    0.5368
    0.5524
    0.5535
    0.5260
    0.5465
    0.5712
    0.6034
    0.5584
    0.5749
    0.5424
    0.6102
    0.6338
    0.6210
    0.6425
    0.6409
    0.6588
    0.6727
    0.6779
    0.6777
    0.7107
    0.7153
    0.7015
    0.7011
    0.7215
    0.7226
    0.7043
    0.7396
    0.7097
    0.7229
    0.7295
    0.7450
    0.7601
    0.7622
    0.7278
    0.7684
    0.7210
    0.7222
    0.7310
    0.8266
    1.5425
    1.5936
    1.5513
    1.5560
    1.5797
    1.6027
    1.5905
    1.5838
    1.6195
    1.8084
    1.7733
    1.7686
    1.7839
    1.7930
    1.8191
    1.8333
    1.8348
    1.8898
    1.9047
    1.9464
    1.9421
    1.9405
    1.9532
    1.9904
    2.0978
    2.0295
    2.0424
    2.0460
    2.1056
    2.1215
    2.1320
    2.1860
    2.2988
    2.0254
    2.0499
    2.1601
    2.1037
    2.1298
    2.0880
    2.1292
    2.1212
    2.1400
    2.1399
    2.1724
    2.2101
    2.1762
    2.1913
    2.2431
    2.2387
    2.2533
    2.2963
    2.3690
    2.4004
    2.4234
    2.4258
    2.5054
    2.4393
    2.4669
    2.5214
    2.5137
    2.5702
    2.5988
    2.5938
    2.6506
    2.5803
    2.5309
    2.5489
    2.5902
    2.5975
    2.6252
    2.6204
    2.6219
    2.6989
    2.6664
    2.6822
    2.8194
    2.8539
    2.8251
    2.8576
    2.8133
    2.8758
    2.9086
    2.8779
    2.8891
    2.8644
    2.8596
    3.0275
    2.8726
    3.0946
    3.2234
    3.1277
    3.1691