         0
    0.0095
    0.0137
    0.0149
    0.0122
    0.0141
    0.0160
    0.0192
    0.0208
    0.0223
    0.0271
    0.0326
    0.0293
    0.0303
    0.0352
    0.0411
    0.0459
    0.0512
    0.0552
    0.0587
    0.0863
    0.0753
    0.0671
    0.0753
    0.0889
    0.1057
    0.0973
    0.0997
    0.1122
    0.1167
    0.1359
    0.1269
    0.1263
    0.1131
    0.1281
    0.1288
    0.1463
    0.1465
    0.1638
    0.1982
    0.2025
    0.1878
    0.1904
    0.1947
    0.2673
    0.2789
    0.2478
    0.2382
    0.2470
    0.3095
    0.2747
    0.2647
    0.2844
    0.3953
    0.4016
    0.3143
    0.3042
    0.3168
    0.3369
    0.3434
    0.3251
    0.3964
    0.3990
    0.3701
    0.3965
    0.4613
    0.4374
    0.4246
    0.4948
    0.4580
    0.4539